2.4855
7.5241
5.455
2.2139
1.3786
0.4467
6.4514
2.4474
0.078
4.9901
5.4749
7.7382
5.26
7.1555
3.1511
4.0864
0.3717
6.9473
6.8764
2.2042
5.4696
5.0399
6.8822
4.7788
5.9671
2.735
3.9315
7.7939
5.97
7.1426
6.1359
1.3408
2.8267
1.8928
7.211
6.7796
0.5804
6.4377
1.1246
7.5044
2.7803
1.7551
4.1701
2.5273
4.9776
3.9774
7.645
4.5411
0.8795
1.6307
1.826
3.5657
0.5719
3.4564
1.1024
0.3687
1.8047
4.3733
3.1738
4.0744
3.3889
0.4748
1.1292
4.2477
7.103
6.3151
2.6596
2.866
3.6175
4.8502
5.6341
4.8473
5.8082
1.0244
3.8042
1.9579
4.2193
4.1565
7.0566
1.2711
7.0752
6.8453
2.8744
2.7678
2.9247
4.7483
3.3653
0.8782
5.5613
1.9587
6.2987
6.5346
3.8371
5.9396
5.2807
2.3334
7.3205
2.6404
5.0654
6.2915
6.1941
7.461
2.9976
3.1266
5.0523
3.3656
6.2055
1.3106
7.4494
7.2246
2.6387
1.7719
3.5744
2.5686
6.4424
2.3297
5.3721
6.5516
7.8296
7.6777
4.6898
5.5077
5.427
1.0611
4.8667
1.0734
4.0083
7.7931
1.7211
0.9455
6.5856
0.4227
0.46
3.479
0.6798
1.5674
3.129
5.7928
2.5319
6.8429
0.954
3.9077
2.5968
1.0103
3.1702
4.8444
6.1825
3.8053
0.9545
3.9679
5.074
3.5745
2.7494
2.6864
1.1178
3.6772
2.713
2.1936
0.4615
3.6399
7.0791
4.565
7.5872
5.0111
2.4147
3.0972
1.062
1.4383
1.9149
0.5496
4.0119
3.0082
3.3577
1.5719
4.4242
5.2129
6.3802
1.1992
1.3892
6.7471
3.2961
1.1255
7.6863
2.4227
5.6955
3.9442
6.3244
7.6636
1.3828
2.6642
6.8728
4.5975
4.6505
6.5754
5.5664
6.2168
4.7997
5.7586
7.6024
1.6008
6.1573
6.3304
0.5084
3.4065
2.4645
7.226
6.4455
1.0622
7.3452
2.8826
4.0415
3.9284
2.832
1.9306
0.5805
6.5149
2.034
2.6981
7.0084
1.3404
3.3886
6.2227
0.4756
3.47
7.6724
3.6205
1.7529
0.4154
1.5298
0.6399
3.4955
6.9271
0.6551
5.5871
4.3867
5.4923
4.0462
4.8298
3.7696
0.669
7.8782
5.5982
7.8401
7.0253
2.3889
6.9449
6.7738
5.2706
6.4602
0.7916
1.9979
1.0036
0.71
3.6013
5.4662
6.1816
5.3379
4.8007
2.5817
3.1531
1.2971
3.958
6.1393
0.2144
6.7175
4.5266
3.6172
7.4155
5.6128
0.6667
6.6843
2.1759
2.1328
0.8316
4.2196
1.2034
7.6698
7.9016
5.7064
1.325
0.8988
0.8424
6.5595
0.6781
6.3874
1.7454
3.4357
4.2555
1.9369
4.0916
1.3892
0.4194
2.9086
1.7312
2.964
6.317
5.8195
4.7108
0.9506
4.5308
4.5397
4.8346
3.9335
1.6483
3.4003
4.425
0.5688
0.4832
1.0887
7.3276
5.9116
2.385
5.7623
6.2607
5.6141
0.5643
1.9094
4.4008
3.4869
4.8038
1.6838
6.6327
2.4012
1.2504
4.598
1.2768
4.1676
4.906
7.8499
7.6183
0.6072
3.2834
1.2028
7.4969
2.5102
1.7329
7.1576
0.6905
6.7722
3.0727
3.7188
2.907
2.9124
1.6046
0.4864
3.4136
1.6148
5.9953
7.5416
6.635
5.6061
7.5195
5.2135
1.5728
6.9407
6.8471
0.8495
6.3064
4.8466
3.1621
1.8099
5.5753
6.2087
1.1991
0.9525
5.8967
0.9469
7.7466
6.3148
6.9264
1.7981
4.9083
7.1036
4.5189
4.3017
3.1308
3.5457
3.9935
4.4934
3.1768
1.3241
6.0604
4.9223
4.1424
4.5419
4.2146
4.6174
3.6707
7.3748
3.0631
2.6877
1.7614
0.9344
0.1539
3.3347
6.1287
1.0371
4.083
0.5869
3.5862
3.34
3.3305
6.2106
6.6582
2.7809
4.2451
3.4384
0.5812
1.3205
3.3084
7.0428
3.3041
0.905
1.4398
5.5927
0.7957
1.0038
3.2918
2.9419
4.7459
3.4061
3.4197
6.7449
1.1476
7.0409
7.2989
5.1656
5.1556
2.4765
3.6572
4.2783
2.6629
2.7275
2.351
2.6978
7.3326
4.0622
4.941
5.7428
4.7781
0.9543
2.6901
0.2218
4.3354
3.626
7.3316
0.6373
0.581
7.4012
6.3329
4.2931
4.5727
4.4682
5.9669
4.1493
2.5721
2.8276
0.4795
6.9442
3.9199
2.2191
3.1541
5.1351
4.1269
7.0107
3.881
5.4578
2.6729
4.9227
6.4413
0.4558
4.8888
5.2189
5.9821
3.7603
0.6802
2.9846
1.8333
0.5127
2.0185
6.8676
3.6538
7.06
5.2324
6.1567
3.2813
7.3891
6.3991
6.3577
3.9623
6.1144
3.8093
4.4645
5.3546
7.4934
6.732
4.6649
6.1058
1.3598
3.4802
3.8255
3.7647
3.3
5.0411
5.1615
3.4119
7.5723
1.418
3.2557
3.3152
7.4006
5.0599
0.6954
0.4102
7.1079
7.091
4.6193
1.4532
6.7465
2.9065
1.3982
3.1395
7.2983
0.3318
1.3382
6.4394
7.2708
1.2538
4.7158
2.8705
3.6654
1.3188
5.2244
2.6928
4.5908
2.7483
1.1843
6.4265
2.8522
1.7504
5.7401
3.3354
7.3117
1.9434
4.3208
0.2839
2.3973
3.4468
6.3117
0.1622
5.8231
0.7447
2.9338
1.1837
0.7661
3.0907
1.2593
1.6996
1.0368
3.4554
2.8853
3.835
2.4349
6.303
5.4154
0.3566
2.4848
6.6234
1.8977
3.2164
2.7266
0.9524
6.9022
7.1985
1.9576
6.0552
7.6831
0.2568
0.3038
6.2523
1.4217
0.8662
6.3174
2.0262
6.9524
6.7877
7.527
7.8649
3.1461
3.3755
1.2015
0.5447
7.332
5.4605
1.6716
0.6238
6.8421
2.8821
2.641
5.5551
7.4224
5.4494
2.2019
4.453
6.8793
1.8936
1.5166
5.5912
7.0361
3.0831
1.5408
3.4021
4.5971
6.4871
5.4843
0.5042
3.8493
3.1909
6.4673
5.4427
0.7076
6.3305
4.0665
5.5416
1.5466
4.9257
2.7344
3.7358
2.7248
1.3278
3.6674
1.9211
5.5051
4.0497
4.9024
4.5253
3.7165
5.9532
4.5078
5.2589
0.8375
6.1236
3.217
4.02
2.3175
5.8456
1.6523
7.9184
6.3048
4.4841
4.161
2.9709
6.764
6.1704
0.7344
2.8365
5.9381
4.7672
3.2766
4.6589
2.5738
4.7367
6.4322
4.3521
2.9438
2.2119
0.9761
6.8608
6.4822
4.4408
2.6131
3.1385
7.4823
5.0339
0.4371
7.7118
2.2059
6.8304
0.9394
7.4017
4.8949
3.2319
6.2869
4.1816
0.4386
1.3167
7.2822
1.502
5.882
7.6136
4.1046
0.7495
5.2336
5.8178
2.6219
5.7342
0.4257
2.4347
4.0585
2.0837
1.9079
4.8651
0.8234
2.6392
6.6894
5.3322
4.8962
3.2672
0.6332
1.3862
1.3573
1.3963
4.2832
0.4502
6.2812
5.7211
0.8285
4.6526
2.4357
3.786
1.406
1.8546
7.8078
1.9517
7.1419
3.3327
3.6084
2.1082
6.5902
4.7625
5.9708
0.75
4.0054
0.3412
3.6392
6.4843
4.0317
4.5813
4.634
5.8072
6.7076
7.4243
7.6294
7.793
6.7651
4.349
2.9771
5.2958
2.5397
1.54
2.9094
7.5001
3.7488
3.6705
2.2048
3.5267
4.7287
4.3631
6.6249
4.8079
3.5218
7.6539
6.5043
0.4789
3.7673
2.2847
3.8051
3.2501
0.929
2.3085
3.854
0.9346
4.1056
7.1308
4.4024
1.2097
4.429
0.7307
6.2728
7.1463
1.6872
1.8519
1.3541
5.7813
6.6113
5.3898
1.6738
6.8093
4.8994
1.1076
1.6572
6.0326
2.8913
2.641
1.0503
0.8142
3.1206
5.5378
2.1752
0.6922
0.39
6.6892
6.987
2.6903
6.3485
1.219
7.246
0.3579
7.0816
6.8998
3.2043
7.7284
3.0562
2.3322
3.9884
2.8298
0.6997
1.6232
4.0744
3.7427
7.3998
4.6106
6.2325
1.1093
0.6876
6.6954
7.3769
2.4109
2.3759
6.1323
2.3892
7.571
1.0826
6.77
1.4438
5.4052
1.9773
4.5508
1.5626
3.836
4.8935
5.5066
7.448
6.4385
4.6392
4.6204
1.8475
6.6058
1.074
4.2846
2.0027
5.9423
2.4446
3.5489
3.5056
1.4608
5.9641
3.1369
3.6858
4.8709
5.8417
2.7037
5.4897
4.4876
5.342
3.1472
0.2804
4.9268
1.934
5.1373
1.2392
5.4819
1.3502
2.4323
5.7416
0.7803
5.3469
2.6902
1.5003
1.1258
6.6672
5.6067
6.9578
2.2161
1.802
2.078
3.7427
0.6785
7.4889
3.9819
4.949
3.9002
7.2299
1.9074
7.3314
3.7069
6.6801
7.3171
3.0557
4.5273
3.4429
6.6508
1.6561
2.1048
6.4374
7.0415
1.4404
6.5965
3.0371
4.7332
4.4219
1.6291
2.7874
4.7974
7.0086
5.5722
5.5309
5.2161
3.0019
1.5871
1.1259
7.1876
7.3618
3.5501
2.8302
6.1458
0.3469
0.4028
3.8895
0.903
1.5601
5.0356
1.0972
7.129
1.1486
1.7354
1.6673
5.3527
2.1569
2.6604
6.6642
2.8112
2.1425
6.2775
5.9753
6.0885
2.1065
1.0127
0.9112
6.946
2.2335
3.491
3.5537
3.5004
6.519
2.6264
5.1025
4.3487
0.6095
4.7874
0.3607
2.1803
3.1496
3.0355
3.6525
2.0007
2.9962
3.2765
7.2047
3.0062
5.3004
6.3819
0.4211
2.9251
4.0489
5.9466
6.6606
7.6524
1.6442
1.1814
7.9047
5.1338
4.7067
3.1287
3.7252
1.3236
7.1349
2.6125
7.1177
1.3035
7.6537
6.9783
1.3026
4.488
5.1545
0.9507
7.3966
7.061
5.0345
3.0755
7.3546
5.5613
7.7627
2.6547
4.7888
0.2652
4.0833
6.0046
6.607
5.9405
6.7985
2.5074
0.7348
3.7591
4.5104
7.5124
3.0722
1.9532
2.1305
3.4604
1.105
1.1868
1.1355
1.7108
5.1054
4.8452
2.4452
5.2308
5.2517
4.8031
1.0565
5.8219
4.3382
2.2601
1.053
1.8703
5.4574
5.2453
0.5228
3.3771
7.8367
4.4973
3.3711
1.1588
3.9109
6.6561
0.8603
4.6065
6.3695
3.0426
1.2728
7.4626
7.8217
1.507
1.3621
2.4093
7.0928
0.8587
2.4426
2.7231
3.0198
3.4135
5.1665
5.6191
7.5906
2.5221
3.3969
7.38
0.9928
7.2432
2.8085
3.3293
4.9141
7.8846
0.6372
6.1016
1.3506
1.5956
6.5428
3.8709
4.7843
4.9749
6.8726
3.287
6.3759
1.4705
1.6699
3.9457
3.3501
0.72
3.5225
0.3798
3.5695
1.1068
5.9095
3.8705
5.1105
4.8996
5.7062
5.3312
3.0851
7.16
2.9263
5.0854
3.6335
0.6548
6.5056
0.1962
3.5175
4.4276
3.229
6.67
6.1867
1.148
3.3601
6.2752
0.9806
2.9581
2.4345
3.1806
1.8055
7.5886
5.2676
2.9134
1.3832
0.1762
6.6209
3.5528
0.3319
5.5154
5.7439
7.1481
4.8233
7.1288
2.2317
2.7841
1.3185
7.4255
6.1517
2.0542
6.7251
4.0203
6.5295
4.9516
5.9943
3.1322
3.5639
7.543
5.8942
7.8109
5.831
2.1495
4.0825
1.7423
7.4447
6.6362
1.1915
6.5011
1.3167
6.8548
3.5879
2.2425
3.9952
4.6835
4.252
3.5568
7.736
3.2718
1.2366
2.3747
1.5382
2.7784
0.9347
2.853
0.5291
0.8866
1.8502
4.6733
3.5879
3.7954
3.4426
1.4731
1.0718
3.2774
7.0233
5.653
0.9583
2.2044
3.4299
5.0975
5.287
5.3308
6.1719
1.4367
3.3462
1.1608
3.9505
5.5345
7.1474
0.9444
7.1078
6.6049
2.83
4.5954
5.254
1.2646
6.4737
5.8864
7.0377
2.4279
1.2547
7.7299
7.2308
1.0698
6.4836
6.4573
2.5483
1.9531
1.8009
1.2892
5.9446
1.7497
6.7374
4.944
5.8247
6.303
4.7025
1.024
5.0137
7.6495
2.7927
4.0263
5.848
6.4111
0.632
1.1492
1.9122
2.2801
4.4733
2.744
1.5719
7.5121
4.0988
2.4735
1.0289
1.8808
3.2315
5.7985
1.7672
1.8495
5.2525
5.8051
1.0472
6.7632
2.2113
4.0049
1.3638
4.5851
4.5148
6.5187
1.2061
7.4464
3.953
1.016
3.0258
7.2713
5.8695
0.7343
6.2058
1.4279
4.1478
2.4135
6.491
5.4408
4.0496
4.7718
1.8042
2.6916
0.8577
5.438
7.8977
6.0153
3.2372
1.3782
2.0292
3.2941
7.5531
0.6319
5.2448
2.7729
6.7764
3.0521
0.6058
2.3216
5.0025
1.5895
3.4062
7.5062
6.7227
3.8922
0.8627
3.4874
2.3806
1.6936
6.9001
6.7658
5.9766
4.8516
7.4636
3.2573
6.511
7.1812
2.8795
4.539
2.7599
7.6734
4.5643
0.5547
6.5191
4.8221
1.2663
0.7367
3.6519
6.5087
6.6545
6.3059
5.2597
7.615
3.9782
0.2762
3.5104
5.7323
0.4857
5.0373
0.8783
4.338
7.4213
6.3451
0.761
1.698
5.7739
5.6826
2.56
3.7303
0.4608
0.5085
3.2618
4.7034
0.9014
1.6092
3.3398
1.4419
3.1463
3.7763
7.2957
2.4218
2.7486
4.4531
5.2491
2.794
6.5932
3.4228
0.9795
1.0548
3.0708
7.2272
1.7748
1.0567
7.2008
7.7727
5.4346
4.0958
5.4781
6.629
6.1844
1.0911
3.9309
5.5597
6.7634
0.3931
5.0885
3.5611
3.2215
4.5946
5.3169
6.9672
3.5208
5.4402
3.9979
3.8269
0.5306
1.0679
5.472
7.6528
2.2671
2.4685
2.5324
4.3742
1.3105
6.7789
0.8454
5.9145
7.854
3.104
3.4443
2.5608
7.0751
2.0263
3.2583
0.9842
5.8551
0.629
0.7654
5.4119
3.0758
7.0655
1.5325
3.2507
7.4422
5.8748
0.4975
6.8404
6.4932
1.7007
2.2683
2.4098
0.9665
1.3416
2.9232
5.8384
4.2711
3.2325
3.6042
2.2759
2.9497
0.7253
4.8103
6.82
5.8259
4.1553
2.7343
2.535
6.093
4.3726
1.4322
2.6021
7.3583
6.5128
1.6468
5.4237
5.467
7.3464
4.0251
6.8603
5.2446
1.1395
2.5519
2.4608
4.3377
2.835
0.6804
3.0677
6.2993
7.0434
2.8118
1.2794
0.544
0.2318
3.3
3.9042
2.5859
7.8842
2.5361
1.439
2.2402
0.3178
7.1141
6.1671
4.8332
2.3337
7.6573
3.2255
3.1608
7.2805
4.9291
0.7513
0.8434
5.3303
5.258
3.5332
6.6916
6.1548
1.0023
0.69
2.5062
5.4126
5.3204
3.8779
1.7064
3.8669
2.1983
3.749
1.277
4.4195
4.5006
6.2174
4.1835
6.8647
4.8469
4.7713
4.1113
2.094
3.0228
1.827
6.8117
6.3572
7.2186
6.8301
0.7168
4.9039
2.541
1.6296
0.5098
7.4499
1.912
6.1574
0.7053
3.9486
2.1079
4.1685
6.8721
6.0388
3.5804
5.0571
6.0687
4.9508
2.4658
5.8837
5.5379
3.2745
6.7874
2.4238
7.0644
5.3817
2.2633
4.285
1.1994
7.3239
5.3999
7.5217
3.0093
5.8745
7.339
5.7363
5.411
0.5928
4.6714
7.5168
5.8905
1.9302
4.8712
0.7619
0.2391
2.4665
4.9899
6.064
2.9205
0.7618
0.3943
7.2849
1.972
2.2415
4.2595
1.8992
1.2767
1.9325
1.5699
6.444
2.803
5.985
3.0982
4.9879
3.8949
6.5257
6.1565
2.5703
1.5522
6.2044
0.8237
6.9119
3.0424
5.0272
5.1803
0.416
3.7365
6.192
2.8673
2.1624
5.5135
0.5816