0.1234
0.1024
0.0909
0.079
0.1099
0.0359
0.0485
0.0577
0.0121
0.0713
0.0838
0.0324
0.0716
0.0244
0.0939
0.1174
0.0442
0.0612
0.0623
0.1
0.0957
0.1359
0.0811
0.0915
0.0863
0.1046
0.1257
0.0305
0.0824
0.1352
0.0419
0.0721
0.1074
0.0801
0.0467
0.0592
0.0714
0.0676
0.0998
0.0481
0.1115
0.1099
0.0962
0.0889
0.117
0.1029
0.0326
0.1133
0.0889
0.1069
0.0827
0.141
0.0481
0.1069
0.0637
0.0487
0.0605
0.1089
0.0949
0.0812
0.1115
0.0527
0.0778
0.0861
0.0353
0.0663
0.1686
0.1218
0.1352
0.1106
0.0593
0.0857
0.0518
0.1024
0.0921
0.0969
0.1524
0.0873
0.1012
0.0938
0.0544
0.0668
0.1374
0.1116
0.1531
0.1212
0.1405
0.0908
0.0886
0.1248
0.0989
0.1872
0.1504
0.139
0.1405
0.1877
0.0519
0.0813
0.1472
0.1197
0.0997
0.0368
0.1364
0.1187
0.0946
0.152
0.1109
0.1329
0.0483
0.0672
0.1334
0.1397
0.1353
0.1282
0.1255
0.1287
0.0879
0.0891
0.0369
0.0435
0.1238
0.1139
0.0949
0.0716
0.0918
0.1173
0.1467
0.025
0.1385
0.0992
0.0828
0.0555
0.0713
0.1238
0.0596
0.1178
0.1338
0.0992
0.1138
0.0478
0.1402
0.1484
0.1563
0.0721
0.1381
0.1429
0.097
0.1244
0.0827
0.075
0.1026
0.1405
0.1407
0.17
0.0918
0.1603
0.0911
0.1092
0.0935
0.1327
0.0363
0.0997
0.0523
0.1491
0.1118
0.0621
0.0756
0.0943
0.0724
0.0505
0.0855
0.1048
0.093
0.136
0.077
0.0541
0.0965
0.0856
0.0882
0.0867
0.1124
0.1181
0.0509
0.1022
0.0875
0.0884
0.1085
0.0286
0.0848
0.0785
0.0518
0.1412
0.0802
0.0622
0.0816
0.0528
0.0783
0.117
0.0573
0.0644
0.0575
0.0604
0.0622
0.1041
0.0646
0.0597
0.0698
0.0756
0.0661
0.1052
0.073
0.1093
0.1098
0.1571
0.0578
0.0661
0.0943
0.0806
0.0803
0.0997
0.1073
0.0667
0.0406
0.1005
0.0279
0.0817
0.1042
0.0558
0.1053
0.0472
0.0975
0.0739
0.0574
0.0599
0.0928
0.1091
0.1085
0.0724
0.102
0.0983
0.0173
0.1005
0.021
0.1405
0.0539
0.0503
0.0717
0.1416
0.0684
0.0436
0.0786
0.1404
0.0362
0.061
0.0857
0.0648
0.0703
0.0875
0.0702
0.0911
0.0753
0.0592
0.0564
0.0321
0.1228
0.0751
0.1033
0.0328
0.1272
0.0454
0.0607
0.0555
0.0658
0.055
0.0719
0.0789
0.0341
0.012
0.0674
0.0923
0.0871
0.0644
0.1219
0.0643
0.0975
0.0581
0.0674
0.1427
0.1054
0.1377
0.066
0.0576
0.0549
0.0565
0.0576
0.1326
0.056
0.1048
0.0721
0.1064
0.0881
0.0897
0.1322
0.0288
0.0591
0.0982
0.035
0.0278
0.0562
0.0381
0.1001
0.0731
0.2171
0.1356
0.0889
0.0428
0.106
0.1341
0.0781
0.1021
0.0865
0.061
0.0957
0.1201
0.109
0.099
0.1102
0.0847
0.0231
0.0458
0.1053
0.1175
0.0793
0.0677
0.1367
0.0905
0.0551
0.0967
0.0531
0.0752
0.1192
0.1235
0.1159
0.0878
0.0556
0.0916
0.0965
0.0838
0.0408
0.0719
0.1151
0.0462
0.0904
0.0777
0.0363
0.0332
0.0622
0.0804
0.0737
0.1141
0.0558
0.0865
0.0414
0.0912
0.123
0.0638
0.0702
0.0244
0.0746
0.0924
0.0998
0.1046
0.0823
0.1284
0.1377
0.102
0.131
0.1495
0.0932
0.1121
0.0629
0.0777
0.0972
0.1239
0.0828
0.1301
0.0972
0.1252
0.0496
0.1142
0.1504
0.0811
0.0708
0.028
0.1187
0.0558
0.0751
0.0898
0.0468
0.0822
0.2014
0.2167
0.1365
0.0916
0.1369
0.234
0.2558
0.0414
0.1131
0.2064
0.063
0.1541
0.06
0.0958
0.2658
0.0796
0.0948
0.1465
0.1642
0.2237
0.103
0.1971
0.1092
0.2315
0.0978
0.1769
0.1836
0.1039
0.1488
0.2346
0.1233
0.1551
0.1668
0.1098
0.1981
0.1303
0.2171
0.1638
0.2246
0.0696
0.1495
0.0827
0.0319
0.2468
0.1781
0.0738
0.0523
0.0357
0.0262
0.1644
0.1907
0.1538
0.2377
0.1364
0.0976
0.1303
0.1118
0.0335
0.0771
0.1497
0.2015
0.1125
0.2137
0.1528
0.054
0.242
0.2257
0.1051
0.2255
0.141
0.0314
0.2361
0.186
0.1406
0.148
0.0507
0.181
0.0956
0.0786
0.0906
0.0769
0.1569
0.0603
0.0931
0.0667
0.1179
0.0558
0.1356
0.0484
0.1749
0.0603
0.1474
0.0606
0.089
0.0334
0.0917
0.0692
0.0592
0.1712
0.1333
0.1509
0.1136
0.1168
0.1441
0.1498
0.0834
0.1298
0.0868
0.1278
0.1662
0.1223
0.1024
0.0554
0.0544
0.0515
0.0422
0.0997
0.1026
0.0733
0.0866
0.1339
0.1361
0.1161
0.0391
0.1109
0.0691
0.1462
0.1227
0.0658
0.1874
0.1546
0.0792
0.1205
0.0807
0.0952
0.0748
0.0859
0.1059
0.0988
0.1097
0.0714
0.1427
0.063
0.1185
0.1249
0.0387
0.0571
0.1176
0.0856
0.0134
0.1076
0.0739
0.1097
0.0861
0.0613
0.115
0.0819
0.1457
0.0805
0.1105
0.0736
0.1331
0.0834
0.0974
0.0906
0.0348
0.1262
0.121
0.0884
0.1248
0.1032
0.1016
0.1003
0.0944
0.0501
0.0858
0.0349
0.0422
0.0301
0.0971
0.1028
0.0545
0.0894
0.0684
0.0862
0.1119
0.0736
0.0252
0.1278
0.1195
0.1086
0.0412
0.0996
0.1136
0.0864
0.0585
0.0868
0.11
0.0893
0.098
0.0427
0.058
0.0552
0.0641
0.0732
0.1249
0.1112
0.0888
0.0406
0.0956
0.1092
0.1726
0.0578
0.0907
0.0936
0.0842
0.0857
0.0931
0.0755
0.095
0.0496
0.1416
0.0835
0.1128
0.0932
0.1396
0.1244
0.0816
0.0656
0.0641
0.0696
0.0886
0.1613
0.0973
0.0798
0.1328
0.107
0.1384
0.0985
0.0875
0.1149
0.1029
0.1038
0.1696
0.1106
0.0907
0.1878
0.0177
0.1087
0.1662
0.1467
0.1079
0.1082
0.1387
0.0631
0.0479
0.1562
0.1217
0.132
0.1691
0.0859
0.1621
0.1027
0.1806
0.1102
0.0459
0.109
0.1
0.0692
0.1613
0.1944
0.1295
0.0441
0.1986
0.047
0.0393
0.1153
0.0959
0.06
0.0393
0.0968
0.1788
0.176
0.1579
0.0479
0.0758
0.0757
0.0752
0.096
0.0378
0.1491
0.0609
0.0961
0.1118
0.0585
0.134
0.0697
0.0966
0.0997
0.0914
0.1118
0.1564
0.0808
0.1038
0.1025
0.1733
0.0624
0.1005
0.0773
0.1143
0.1757
0.0943
0.1233
0.0492
0.1274
0.1138
0.0648
0.1694
0.1455
0.0995
0.1206
0.1174
0.0387
0.1387
0.0815
0.1374
0.1646
0.1362
0.0648
0.1204
0.0533
0.0767
0.1158
0.0328
0.1164
0.087
0.1444
0.087
0.1709
0.1266
0.047
0.0539
0.0249
0.0358
0.0699
0.1278
0.1237
0.1073
0.1178
0.1658
0.094
0.0393
0.1578
0.1276
0.1087
0.1383
0.1651
0.1296
0.078
0.1683
0.0658
0.0467
0.0855
0.0866
0.1118
0.1791
0.1487
0.0874
0.1105
0.1064
0.1565
0.0726
0.1527
0.0603
0.1523
0.0766
0.1466
0.0627
0.0915
0.0537
0.1059
0.0966
0.1301
0.105
0.0709
0.0958
0.1334
0.0561
0.0966
0.0778
0.1381
0.0707
0.122
0.1366
0.1241
0.0859
0.1133
0.0943
0.1521
0.0862
0.0504
0.1081
0.0852
0.1727
0.1056
0.0848
0.0976
0.0593
0.0804
0.0616
0.1086
0.0447
0.1475
0.1089
0.0886
0.0957
0.0622
0.1264
0.1429
0.1339
0.057
0.1664
0.0859
0.1472
0.0629
0.0988
0.0648
0.127
0.1437
0.1106
0.1541
0.0559
0.0601
0.0728
0.0783
0.1162
0.0928
0.162
0.1515
0.1402
0.1115
0.0904
0.0512
0.0883
0.1254
0.0911
0.1036
0.1391
0.0646
0.1293
0.0923
0.111
0.0609
0.1052
0.1354
0.1033
0.0954
0.0812
0.1064
0.0922
0.0924
0.1272
0.1748
0.1562
0.1308
0.1209
0.0524
0.1389
0.1319
0.1424
0.0988
0.1192
0.2163
0.1262
0.1415
0.0518
0.1601
0.1142
0.0759
0.1083
0.1347
0.0757
0.1197
0.1235
0.1319
0.1099
0.165
0.1185
0.0685
0.0989
0.0839
0.0999
0.0704
0.0865
0.0781
0.087
0.1369
0.0687
0.1697
0.1214
0.1358
0.0513
0.1019
0.1142
0.0955
0.0897
0.0679
0.0629
0.0775
0.0802
0.1373
0.1677
0.1207
0.1304
0.078
0.1367
0.149
0.0781
0.1096
0.1325
0.1029
0.1075
0.0687
0.0972
0.0966
0.0989
0.0901
0.0344
0.133
0.069
0.1481
0.1418
0.1527
0.0469
0.1463
0.1418
0.1052
0.096
0.1481
0.1211
0.0875
0.1386
0.1324
0.146
0.1038
0.0821
0.1434
0.106
0.0987
0.0647
0.1169
0.165
0.1073
0.1398
0.0931
0.0936
0.1044
0.095
0.0651
0.1193
0.0498
0.1133
0.0947
0.1271
0.1182
0.1507
0.2049
0.0999
0.0447
0.0918
0.1018
0.0471
0.0584
0.1046
0.0969
0.0748
0.056
0.0281
0.0825
0.0818
0.0134
0.1239
0.1805
0.0591
0.1264
0.1044
0.0678
0.0838
0.0453
0.1285
0.0321
0.0528
0.0954
0.1111
0.1072
0.0673
0.0897
0.0413
0.0757
0.1308
0.0433
0.0721
0.0234
0.0909
0.0971
0.0462
0.1226
0.0853
0.0524
0.0583
0.062
0.1665
0.0576
0.1536
0.1473
0.0447
0.1725
0.1157
0.1048
0.1045
0.114
0.106
0.082
0.0802
0.0815
0.1323
0.0791
0.0837
0.0777
0.1106
0.0579
0.0771
0.0777
0.0973
0.0541
0.1317
0.0864
0.0976
0.0511
0.1682
0.0234
0.1436
0.0925
0.081
0.1683
0.0581
0.0789
0.1271
0.0735
0.1812
0.0904
0.0204
0.0202
0.0979
0.0944
0.1437
0.0341
0.0584
0.1509
0.1222
0.1461
0.0938
0.1044
0.0796
0.0195
0.1338
0.1213
0.0252
0.103
0.0687
0.1323
0.1276
0.1205
0.0185
0.0743
0.0961
0.155
0.1291
0.1024
0.1299
0.1208
0.092
0.1059
0.1694
0.0536
0.0886
0.0958
0.2057
0.184
0.1008
0.0888
0.0664
0.1313
0.0833
0.069
0.1582
0.0799
0.1584
0.0908
0.0786
0.1524
0.0945
0.1651
0.1206
0.1062
0.1096
0.0518
0.0467
0.1878
0.1127
0.1832
0.0594
0.0909
0.1042
0.1385
0.0527
0.0526
0.1493
0.1312
0.1485
0.112
0.0538
0.0943
0.1091
0.1198
0.0346
0.0699
0.13
0.1088
0.1027
0.1754
0.1026
0.0938
0.0672
0.1124
0.1659
0.1615
0.0553
0.0915
0.0823
0.0761
0.1101
0.1266
0.0948
0.0908
0.1498
0.1189
0.0526
0.0918
0.0185
0.0722
0.1247
0.143
0.1061
0.0407
0.1011
0.0851
0.0509
0.113
0.0672
0.1183
0.1665
0.1237
0.1015
0.0935
0.1
0.0325
0.1312
0.0992
0.1197
0.1174
0.1181
0.0756
0.1508
0.0577
0.0875
0.128
0.0852
0.1096
0.1303
0.1477
0.1113
0.0748
0.119
0.0516
0.0577
0.0621
0.083
0.1074
0.0949
0.1093
0.0804
0.0707
0.1222
0.1119
0.0875
0.0939
0.1
0.0719
0.0937
0.0926
0.1028
0.0878
0.1092
0.0796
0.0986
0.0839
0.0889
0.0681
0.1222
0.0929
0.0554
0.075
0.116
0.088
0.0853
0.1224
0.1156
0.1371
0.1075
0.1172
0.1304
0.1095
0.0831
0.0978
0.1029
0.0919
0.1622
0.1159
0.039
0.0866
0.0771
0.1179
0.1167
0.0674
0.1169
0.0791
0.0982
0.0643
0.0811
0.1266
0.0726
0.0749
0.1298
0.0783
0.1141
0.0874
0.1162
0.0993
0.1242
0.0983
0.1121
0.086
0.1015
0.0995
0.0805
0.0894
0.0969
0.1022
0.0845
0.1366
0.0648
0.0839
0.0841
0.103
0.0607
0.0925
0.097
0.0975
0.0859
0.0893
0.1141
0.0655
0.114
0.082
0.0736
0.0989
0.071
0.0801
0.1084
0.0184
0.0568
0.1426
0.0721
0.1113
0.0806
0.0773
0.0536
0.0619
0.0976
0.0326
0.0756
0.0631
0.0882
0.097
0.0649
0.0952
0.0539
0.0488
0.1057
0.0517
0.113
0.1169
0.108
0.087
0.0404
0.0612
0.0805
0.053
0.1325
0.0852
0.0515
0.1111
0.0696
0.0862
0.0483
0.1085
0.0581
0.0472
0.0669
0.0642
0.0593
0.1412
0.0555
0.0439
0.0602
0.0564
0.0245
0.0977
0.0453
0.0812
0.0522
0.0424
0.0934
0.0473
0.1135
0.0273
0.0596
0.0493
0.1008
0.0672
0.0486
0.0841
0.0806
0.0486
0.0554
0.1095
0.1085
0.0613
0.1079
0.1007
0.0908
0.1017
0.1069
0.0538
0.0687
0.1289
0.1018
0.0502
0.0982
0.0657
0.1399
0.0572
0.1128
0.1004
0.0924
0.1556
0.0739
0.0902
0.0349
0.0819
0.1262
0.0956
0.0759
0.0984
0.1493
0.1294
0.08
0.135
0.0407
0.1026
0.0758
0.088
0.1638
0.0759
0.0875
0.1003
0.0915
0.1235
0.1055
0.0467
0.1243
0.0918
0.0213
0.1142
0.1277
0.1214
0.1062
0.1098
0.0688
0.0844
0.104
0.021
0.1192
0.105
0.1519
0.1034
0.1246
0.138
0.0842
0.122
0.0756
0.0696
0.1003
0.1241
0.0569
0.1081
0.1606
0.0485
0.0965
0.0463
0.0793
0.0591
0.0876
0.1132
0.1046
0.0499
0.1256
0.1326
0.1331
0.1226
0.1534
0.1323
0.1592
0.1232
0.0773
0.1014
0.0684
0.0776
0.1037
0.1847
0.0934
0.0964
0.1278
0.1155
0.184
0.1338
0.118
0.1654
0.1642
0.0578
0.0932
0.176
0.0618
0.1541
0.0733
0.1577
0.1107
0.1295
0.1652
0.1146
0.094
0.0912
0.0716
0.1587
0.0923
0.0599
0.0291
0.1436
0.1087
0.1552
0.0216
0.1279
0.0933
0.1328
0.0475
0.0538
0.1076
0.085
0.1081
0.0553
0.1145
0.1141
0.0501
0.1195
0.0831
0.0645
0.1977
0.1176
0.1518
0.1214
0.1397
0.0952
0.0529
0.0986
0.1006
0.1571
0.1317
0.1552
0.174
0.0921
0.147
0.1596
0.1504
0.1494
0.0972
0.0879
0.0861
0.1808
0.0935
0.1213
0.125
0.0894
0.1173
0.0777
0.1498
0.0427
0.0983
0.1115
0.1589
0.0971
0.0954
0.0694
0.1029
0.079
0.1364
0.0866
0.1828
0.1002
0.0936
0.0797
0.1186
0.0735
0.0737
0.1276
0.0905
0.0918
0.0976
0.1284
0.0852
0.107
0.0684
0.1099
0.1208
0.0923
0.1304
0.0399
0.0551
0.0828
0.0596
0.068
0.1198
0.1091
0.1509
0.1241
0.0283
0.1348
0.0789
0.0914
0.1107
0.1248
0.1101
0.0345
0.0787
0.1193
0.0822
0.0709
0.0672
0.0356
0.1223
0.1906
0.0826
0.1292
0.1485
0.0735
0.0963
0.1132
0.1298
0.0979
0.1485
0.0917
0.1386
0.0637
0.105
0.1347
0.0896
0.1202
0.0689
0.1288
0.0814
0.0809
0.0975
0.1069
0.0377
0.0934
0.1366
0.0731
0.094
0.1139
0.0612
