0.05504
0.95704
0.32439
0.73980
0.16693
0.87093
0.28150
0.55649
0.15295
0.92393
0.29622
0.76297
0.39949
0.66468
0.51490
0.48541
0.09150
0.93589
0.15922
0.91097
0.25814
0.73685
0.32138
0.64127
0.43351
0.63031
0.35834
0.56039
0.43975
0.77210
0.03626
0.88071
0.11750
0.90601
0.25139
0.81085
0.18435
0.68656
0.40084
0.77183
0.39635
0.66277
0.57954
0.39443
0.44470
0.65652
0.72696
0.11158
0.03598
0.03304
0.93985
0.35557
0.67233
0.15388
0.93180
0.35806
0.53465
0.13129
0.89990
0.31080
0.65731
0.34867
0.68718
0.62996
0.47790
0.06710
0.88792
0.12576
0.94586
0.20194
0.70139
0.29311
0.61429
0.39484
0.61935
0.35578
0.56916
0.41984
0.73467
0.04208
0.89176
0.10076
0.89143
0.21043
0.81567
0.17543
0.68439
0.33743
0.79200
0.39553
0.69420
0.60408
0.38773
0.42233
0.66937
0.73863
0.27000
0.09132
0.07032
0.96796
0.36799
0.80731
0.24649
0.88220
0.36320
0.57031
0.17335
0.92583
0.31769
0.81637
0.35069
0.76061
0.72264
0.52624
0.09256
0.93583
0.15531
0.92385
0.24951
0.79135
0.19743
0.69735
0.41812
0.65837
0.36885
0.58156
0.55612
0.63133
0.04308
0.76067
0.10673
0.89935
0.21085
0.82814
0.18294
0.66333
0.29761
0.71456
0.44814
0.67110
0.57516
0.47024
0.45414
0.58876
0.30176
0.16329
0.02517
0.06427
0.96690
0.27297
0.82575
0.21416
0.88748
0.34383
0.58874
0.15068
0.91573
0.29667
0.79976
0.33510
0.61001
0.48387
0.55931
0.09637
0.93590
0.13858
0.92381
0.24095
0.78132
0.46160
0.68199
0.36257
0.72119
0.46200
0.61361
0.53300
0.46533
0.03506
0.68052
0.08329
0.91594
0.18272
0.83752
0.18562
0.68093
0.31932
0.78720
0.42755
0.63495
0.57659
0.52047
0.40543
0.68387
0.64870
0.23074
0.03414
0.05426
0.95087
0.38183
0.71623
0.18038
0.92387
0.21470
0.46038
0.18228
0.90594
0.27140
0.71823
0.38453
0.56451
0.82723
0.47804
0.09626
0.91794
0.15009
0.89768
0.24266
0.73328
0.34496
0.66591
0.45428
0.66921
0.38472
0.50378
0.41798
0.74455
0.05726
0.79436
0.16083
0.91230
0.23228
0.82198
0.22053
0.62457
0.35721
0.75962
0.39702
0.73889
0.60251
0.46687
0.44109
0.62647
0.76617
0.07732
0.02919
0.05151
0.97349
0.30326
0.76262
0.22397
0.88071
0.36554
0.65948
0.13912
0.87171
0.27446
0.81370
0.34167
0.67661
0.54519
0.57939
0.06306
0.96082
0.12410
0.89978
0.25652
0.73868
0.27265
0.64067
0.40522
0.62020
0.46420
0.58546
0.52360
0.76125
0.04675
0.92780
0.09018
0.90671
0.16014
0.83486
0.23079
0.70168
0.29530
0.76478
0.37841
0.72060
0.50374
0.55446
0.46823
0.52836
0.36589
0.25320
0.06022
0.04742
0.96279
0.35380
0.77049
0.14653
0.94961
0.39619
0.52956
0.14001
0.90553
0.27897
0.75666
0.38914
0.64664
0.82216
0.51734
0.09779
0.93581
0.12507
0.87388
0.30151
0.76969
0.32229
0.68938
0.39380
0.64436
0.47005
0.53162
0.39615
0.73208
0.03238
0.85261
0.17039
0.89848
0.19978
0.81192
0.10645
0.69679
0.35953
0.70398
0.28192
0.51032
0.58097
0.47228
0.54055
0.64836
0.51535
0.23763
0.06487
0.05200
0.96800
0.32847
0.77786
0.22200
0.91700
0.45200
0.47300
0.13700
0.88900
0.30112
0.74586
0.31300
0.57788
0.61951
0.44600
0.06100
0.94384
0.11222
0.91884
0.20498
0.69300
0.31647
0.61588
0.42812
0.63440
0.41440
0.54223
0.60209
0.71400
0.05365
0.86186
0.21900
0.89284
0.22609
0.85284
0.26209
0.61940
0.29809
0.80000
0.40800
0.79853
0.62553
0.33991
0.42300
0.66316
0.39916
0.27100
0.12533
0.05040
0.96181
0.36947
0.68929
0.20112
0.92869
0.49671
0.44343
0.16948
0.92271
0.25126
0.71439
0.38013
0.51880
0.80265
0.51925
0.06958
0.93165
0.13869
0.83297
0.15831
0.67737
0.33216
0.61718
0.49649
0.61859
0.43331
0.42208
0.47846
0.85160
0.05338
0.81747
0.21304
0.91822
0.23339
0.81505
0.25740
0.73102
0.30463
0.76498
0.38703
0.74970
0.59481
0.27328
0.40254
0.61828
0.83004
0.14617
0.03423
0.04900
0.95900
0.36400
0.74200
0.21900
0.91094
0.31600
0.50900
0.15100
0.89500
0.27300
0.78100
0.36200
0.60804
0.76787
0.45000
0.07600
0.93500
0.13400
0.90643
0.22200
0.76200
0.29628
0.65800
0.44450
0.66300
0.39500
0.57200
0.49400
0.61000
0.06000
0.86400
0.17700
0.89900
0.20938
0.82900
0.22300
0.67636
0.29551
0.75400
0.42200
0.70600
0.62700
0.40200
0.51066
0.62600
0.49000
0.12500
0.04500
0.05506
0.96896
0.34161
0.80961
0.19629
0.84459
0.20847
0.63535
0.14524
0.89690
0.33365
0.83173
0.38037
0.69753
0.73076
0.60329
0.09614
0.95796
0.15527
0.91278
0.27553
0.81159
0.32657
0.64435
0.35565
0.62329
0.48602
0.52312
0.46204
0.56324
0.05912
0.76224
0.12137
0.87986
0.18737
0.84707
0.27461
0.75537
0.29557
0.72051
0.33076
0.64214
0.53196
0.47896
0.54300
0.60296
0.41729
0.10108
0.03310
0.03210
0.95985
0.33230
0.74334
0.15715
0.91361
0.50329
0.52783
0.16216
0.91971
0.25672
0.78669
0.34313
0.61875
0.71310
0.42590
0.06442
0.93285
0.12043
0.83344
0.12343
0.72743
0.33500
0.61536
0.46884
0.66899
0.38181
0.41350
0.44420
0.82219
0.05825
0.82697
0.15199
0.90338
0.18448
0.86415
0.25269
0.63634
0.29431
0.77452
0.38565
0.69197
0.59311
0.30046
0.40326
0.65671
0.70923
0.40714
0.09043
0.05615
0.94392
0.36127
0.71776
0.23768
0.91383
0.27056
0.50823
0.17555
0.93083
0.23497
0.72280
0.39221
0.56368
0.46724
0.49615
0.08944
0.92485
0.14914
0.87967
0.20584
0.75074
0.23641
0.64368
0.46077
0.71682
0.37877
0.57818
0.53646
0.77524
0.04628
0.88864
0.10357
0.91281
0.22363
0.83548
0.19300
0.64293
0.34050
0.79799
0.42845
0.70836
0.60091
0.28613
0.42113
0.61025
0.80033
0.39124
0.03017
0.05504
0.96898
0.39041
0.74882
0.28139
0.93292
0.30537
0.51557
0.16114
0.90792
0.20822
0.75276
0.32935
0.57449
0.70869
0.49357
0.07002
0.93798
0.13710
0.93290
0.15381
0.74384
0.30824
0.61463
0.46533
0.63965
0.40451
0.44047
0.54455
0.70271
0.07908
0.80488
0.17320
0.88492
0.23118
0.81686
0.34729
0.70073
0.31131
0.77480
0.39327
0.82078
0.65361
0.35643
0.47245
0.62365
0.61253
0.09316
0.04006
0.06418
0.96894
0.36408
0.72618
0.22863
0.88457
0.26453
0.56673
0.17043
0.88649
0.25486
0.77024
0.35308
0.62200
0.85367
0.51655
0.08216
0.96594
0.14347
0.91488
0.26173
0.78349
0.35198
0.61388
0.43731
0.61098
0.41043
0.50755
0.47431
0.51453
0.07929
0.84363
0.11145
0.90271
0.20237
0.81351
0.32112
0.66400
0.30702
0.73916
0.38516
0.76931
0.59998
0.42137
0.51482
0.58569
0.54239
0.09331
0.02110
0.04608
0.96096
0.32561
0.73247
0.21743
0.93792
0.42702
0.51996
0.15524
0.90378
0.24961
0.74139
0.32959
0.59510
0.70047
0.54002
0.07114
0.90996
0.13922
0.91288
0.24739
0.75047
0.36559
0.66314
0.43596
0.66318
0.32571
0.56094
0.46018
0.74863
0.05614
0.86965
0.10720
0.90578
0.17737
0.82157
0.37096
0.65745
0.28749
0.81667
0.39380
0.76871
0.55949
0.41935
0.44384
0.62220
0.50343
0.12510
0.05718
0.05908
0.96498
0.37529
0.75773
0.23531
0.92090
0.54267
0.41227
0.16100
0.90290
0.29000
0.74778
0.34500
0.50461
0.25759
0.43457
0.07504
0.95472
0.15010
0.88194
0.29122
0.72973
0.32920
0.66000
0.45937
0.66771
0.31418
0.63069
0.55945
0.79086
0.04202
0.88284
0.13512
0.90996
0.20116
0.84288
0.23014
0.68453
0.33139
0.80982
0.50143
0.70480
0.58151
0.34641
0.35035
0.60249
0.50047
0.32724
0.05406
0.05421
0.95890
0.37224
0.72812
0.21014
0.91259
0.39800
0.51276
0.15656
0.93967
0.26351
0.73197
0.37096
0.62349
0.69285
0.45139
0.08629
0.94190
0.13526
0.89769
0.20703
0.73710
0.38434
0.60834
0.41936
0.62067
0.46799
0.45058
0.38166
0.74553
0.06227
0.80323
0.19880
0.91459
0.25297
0.84330
0.27412
0.72477
0.31664
0.72686
0.37158
0.69323
0.62186
0.31790
0.47641
0.67636
0.77484
0.12759
0.03206
0.03500
0.93100
0.34100
0.76900
0.16100
0.86400
0.37600
0.63667
0.13600
0.89100
0.22737
0.79700
0.35700
0.81200
0.60100
0.53800
0.07300
0.90100
0.11000
0.94000
0.25000
0.77700
0.44300
0.61100
0.36100
0.66900
0.50947
0.53600
0.38300
0.78000
0.04000
0.80900
0.14700
0.86400
0.18300
0.81700
0.19000
0.68300
0.29158
0.64500
0.31600
0.54900
0.55100
0.32600
0.50556
0.55158
0.81368
0.28300
0.06800
0.04406
0.94296
0.34571
0.71753
0.16233
0.89476
0.46790
0.37290
0.13424
0.89782
0.32161
0.70955
0.29463
0.61522
0.61805
0.39292
0.08418
0.90790
0.11424
0.85376
0.17508
0.72547
0.33655
0.65935
0.48982
0.63122
0.40192
0.52412
0.44390
0.81067
0.05014
0.90773
0.17043
0.90292
0.21414
0.82876
0.23453
0.69939
0.30485
0.74161
0.44998
0.66437
0.65227
0.31771
0.40992
0.62627
0.91696
0.26927
0.03304
