0.02888
0.02972
0.05868
0.04655
0.02742
0.05557
0.08288
0.06941
0.03218
0.02645
0.04630
0.06630
0.05361
0.08476
0.13095
0.06399
0.02730
0.04533
0.03403
0.04273
0.05107
0.04602
0.06961
0.02984
0.06873
0.05276
0.11308
0.05906
0.11552
0.10513
0.01224
0.04878
0.04968
0.03546
0.06763
0.04123
0.07975
0.04736
0.05959
0.07565
0.08020
0.10770
0.07659
0.09849
0.11279
0.09119
0.15613
0.03609
0.01732
0.00948
0.03617
0.05928
0.06503
0.04393
0.02512
0.14005
0.04797
0.02579
0.05171
0.08907
0.07195
0.05862
0.14426
0.09867
0.09608
0.01811
0.04389
0.02837
0.04486
0.04678
0.06759
0.06041
0.06894
0.07850
0.09133
0.08346
0.07920
0.11354
0.11318
0.03791
0.07812
0.03356
0.03375
0.03613
0.03809
0.04034
0.08970
0.09459
0.06454
0.09473
0.09700
0.11981
0.10342
0.06805
0.10478
0.19309
0.14698
0.06143
0.03009
0.01597
0.04153
0.04509
0.06958
0.03578
0.07125
0.09852
0.02570
0.02441
0.04671
0.03976
0.03613
0.07799
0.07058
0.06649
0.01726
0.03492
0.03526
0.04787
0.05513
0.06693
0.05681
0.05770
0.05569
0.06829
0.10364
0.07082
0.09255
0.10784
0.02026
0.12579
0.03623
0.03490
0.04776
0.06710
0.07856
0.08470
0.04402
0.08531
0.05025
0.10327
0.07649
0.07735
0.04130
0.09103
0.10516
0.08382
0.00887
0.02752
0.01703
0.04676
0.05659
0.05732
0.03690
0.08840
0.06935
0.02457
0.03287
0.04047
0.03362
0.04712
0.05776
0.18971
0.05432
0.02946
0.03194
0.02766
0.04175
0.06419
0.03469
0.07313
0.03693
0.07010
0.05453
0.06290
0.04650
0.07976
0.12089
0.01770
0.11289
0.03640
0.03763
0.01379
0.05262
0.09877
0.10164
0.07682
0.04730
0.07822
0.11992
0.06808
0.12045
0.06876
0.10250
0.18909
0.08820
0.01803
0.02613
0.03181
0.06776
0.05689
0.05251
0.04615
0.09907
0.10602
0.03554
0.04376
0.05536
0.05699
0.05686
0.09379
0.04805
0.08517
0.02230
0.03268
0.03573
0.06353
0.07501
0.04616
0.05057
0.03858
0.10172
0.03461
0.12267
0.08434
0.12772
0.11479
0.03047
0.07316
0.05710
0.03287
0.04982
0.03385
0.07867
0.06498
0.07149
0.09524
0.08814
0.10648
0.07702
0.08573
0.09841
0.06209
0.16025
0.03388
0.01735
0.02431
0.00919
0.03706
0.05052
0.06224
0.04368
0.05690
0.05102
0.01340
0.03435
0.06402
0.03330
0.05022
0.04958
0.10567
0.09652
0.01307
0.02127
0.02495
0.06819
0.05191
0.04652
0.06412
0.05653
0.06778
0.04324
0.05496
0.08475
0.11992
0.10174
0.02945
0.03460
0.04599
0.03734
0.03349
0.04592
0.11785
0.08316
0.09392
0.08018
0.08377
0.10343
0.05027
0.10613
0.04855
0.05255
0.12620
0.05541
0.03778
0.01822
0.02375
0.09306
0.05725
0.03503
0.02136
0.11435
0.09753
0.03399
0.03433
0.06799
0.06679
0.05401
0.08750
0.04518
0.09111
0.03403
0.04204
0.03098
0.06062
0.04739
0.06764
0.05481
0.05329
0.10315
0.05410
0.08671
0.06624
0.10628
0.13286
0.01640
0.09646
0.05913
0.04583
0.02890
0.04213
0.06365
0.06829
0.07008
0.11722
0.05756
0.16033
0.08335
0.09927
0.10908
0.10988
0.22440
0.07548
0.03083
0.02040
0.01470
0.04755
0.04312
0.07769
0.04112
0.10852
0.10025
0.03180
0.03872
0.07113
0.04581
0.08155
0.11682
0.14619
0.10604
0.01841
0.02308
0.02760
0.04147
0.07265
0.04869
0.11402
0.07352
0.07814
0.06925
0.10738
0.09583
0.14452
0.10375
0.04164
0.07591
0.12417
0.03979
0.11047
0.04990
0.12957
0.08708
0.10873
0.02898
0.13303
0.05676
0.10299
0.11662
0.12779
0.07794
0.21151
0.16870
0.16242
0.02438
0.03081
0.03898
0.04696
0.06226
0.03648
0.13434
0.10522
0.03947
0.03844
0.07661
0.05812
0.05065
0.07900
0.10139
0.08955
0.01613
0.05232
0.03524
0.07916
0.03895
0.06851
0.07013
0.03744
0.11606
0.05802
0.08772
0.09731
0.12492
0.07629
0.03144
0.09949
0.09263
0.03454
0.05510
0.04301
0.14539
0.07692
0.06621
0.07457
0.10061
0.07897
0.10010
0.11384
0.09809
0.09179
0.10530
0.09075
0.01909
0.01841
0.02718
0.09069
0.05474
0.06212
0.04909
0.10268
0.09412
0.02644
0.02598
0.05187
0.05157
0.04643
0.06559
0.10940
0.06496
0.02154
0.03339
0.03231
0.05096
0.06508
0.06720
0.09173
0.05016
0.03571
0.07191
0.06062
0.04996
0.08879
0.14526
0.03225
0.08188
0.09597
0.03713
0.03512
0.03604
0.10301
0.05274
0.06405
0.06873
0.09548
0.10394
0.07274
0.09185
0.07967
0.12379
0.18979
0.07208
0.04093
0.03150
0.02140
0.05561
0.06326
0.03511
0.06481
0.07483
0.08302
0.03005
0.04196
0.05228
0.05177
0.05087
0.10398
0.12838
0.06303
0.04838
0.01773
0.05125
0.04273
0.05793
0.06861
0.07768
0.06963
0.07280
0.08644
0.04438
0.06807
0.05731
0.14910
0.02235
0.12333
0.05124
0.05888
0.05556
0.04506
0.08767
0.06896
0.06809
0.08026
0.05904
0.08606
0.07881
0.06473
0.14554
0.09651
0.23206
0.04874
0.02320
0.01467
0.02818
0.05830
0.04900
0.04113
0.02896
0.11934
0.07580
0.02260
0.04855
0.06193
0.07311
0.05159
0.07295
0.10811
0.07014
0.02236
0.05017
0.03793
0.08563
0.04334
0.07553
0.05860
0.03608
0.07040
0.07954
0.06965
0.09192
0.11432
0.07392
0.03629
0.08085
0.06706
0.04808
0.04053
0.04397
0.11382
0.05583
0.07456
0.06529
0.10527
0.10200
0.06347
0.09151
0.09498
0.08667
0.16572
0.18486
0.06760
0.02497
0.03432
0.07014
0.03971
0.06444
0.03845
0.09650
0.09554
0.04723
0.03872
0.07435
0.04920
0.06213
0.07355
0.14218
0.05802
0.01886
0.03930
0.03430
0.04128
0.05133
0.04265
0.07682
0.08338
0.06291
0.06006
0.06041
0.05920
0.07953
0.08129
0.02053
0.06299
0.04415
0.04659
0.05104
0.04375
0.07880
0.06053
0.07331
0.02971
0.08295
0.08192
0.06077
0.07819
0.07964
0.04510
0.09451
0.13896
0.01355
0.02267
0.01728
0.04185
0.08021
0.08520
0.02633
0.13549
0.10379
0.04831
0.02478
0.06405
0.07217
0.07713
0.11007
0.13866
0.07248
0.02717
0.02597
0.04476
0.03547
0.04627
0.07611
0.08800
0.03604
0.06740
0.07006
0.08226
0.07445
0.10481
0.09425
0.02999
0.04957
0.06052
0.04086
0.06001
0.04689
0.09805
0.05621
0.09063
0.07366
0.09199
0.05476
0.07009
0.09035
0.09204
0.08125
0.16638
0.06028
0.03410
0.02880
0.01475
0.05900
0.03663
0.05821
0.03553
0.14226
0.10832
0.03804
0.03781
0.06771
0.05846
0.05721
0.08600
0.04799
0.09390
0.03691
0.01274
0.03525
0.04923
0.05944
0.05091
0.05827
0.04948
0.08849
0.07437
0.06973
0.06512
0.07912
0.25208
0.03082
0.06522
0.04330
0.02562
0.03876
0.04555
0.09926
0.04521
0.09767
0.05828
0.10504
0.07104
0.07770
0.10691
0.06496
0.06253
0.20468
0.06039
0.00446
0.02202
0.02485
0.05805
0.04952
0.05874
0.03453
0.14221
0.11699
0.02566
0.03451
0.05560
0.06354
0.05546
0.06665
0.08730
0.08772
0.02719
0.03968
0.03241
0.04695
0.06268
0.06465
0.07371
0.07935
0.07262
0.05307
0.07852
0.08195
0.12060
0.10738
0.03085
0.06035
0.04586
0.05072
0.04961
0.04863
0.13323
0.07409
0.08009
0.05584
0.09594
0.11458
0.06022
0.06904
0.07958
0.09470
0.22887
0.07396
0.04152
0.02937
0.01883
0.08545
0.03804
0.07125
0.03498
0.12151
0.16630
0.03713
0.02218
0.08911
0.04942
0.06289
0.08526
0.17274
0.09795
0.02593
0.01565
0.06458
0.05467
0.08893
0.05231
0.06006
0.04496
0.07395
0.05126
0.11205
0.04121
0.11062
0.06387
0.02520
0.06087
0.06443
0.02638
0.03473
0.03290
0.12440
0.10851
0.08497
0.04021
0.08828
0.09569
0.06051
0.11701
0.11872
0.06813
0.23683
0.14768
0.03041
0.02776
0.02924
0.07099
0.05356
0.07847
0.04292
0.12779
0.11326
0.04920
0.02537
0.07203
0.07951
0.06455
0.07572
0.12202
0.07859
0.03851
0.03447
0.03645
0.05777
0.06836
0.07486
0.09905
0.06088
0.12996
0.04929
0.09352
0.10799
0.11869
0.11444
0.02668
0.05744
0.05924
0.03893
0.07057
0.04889
0.15318
0.06862
0.12008
0.08261
0.12542
0.17836
0.10212
0.11611
0.10141
0.09818
0.16940
0.10785
0.02036
0.01396
0.04836
0.06308
0.08012
0.03491
0.05238
0.08139
0.05821
0.03200
0.04836
0.04063
0.04869
0.05414
0.12139
0.14649
0.09897
0.01819
0.05157
0.03256
0.04517
0.05273
0.06994
0.06965
0.04358
0.04312
0.05195
0.07207
0.07605
0.07410
0.11063
0.02098
0.10266
0.03964
0.05851
0.02304
0.08229
0.08037
0.08349
0.03631
0.07691
0.06621
0.07416
0.06308
0.08991
0.03041
0.08087
0.10095
0.12366
0.03868
0.01621
0.03359
0.06846
0.05540
0.03402
0.04385
0.08677
0.06948
0.03032
0.04467
0.06260
0.05021
0.04368
0.07579
0.06099
0.07007
0.02504
0.04349
0.02697
0.06668
0.03532
0.05053
0.05094
0.05686
0.06389
0.06517
0.06578
0.04520
0.07536
0.06001
0.01965
0.06669
0.04754
0.04199
0.03181
0.02822
0.09571
0.05766
0.06281
0.07426
0.06518
0.08110
0.08898
0.10561
0.06894
0.06575
0.06788
0.13344
0.02702
